$ 1 0.000005 10.20027730826997 50 5 50
n 80 304 48 304 0 1 40 0.2 0 0 0.5
c 80 304 144 304 0 4.6999999999999995e-7 -1.9670458866224476
w 144 304 176 304 0
w 176 304 176 272 0
w 176 304 208 304 0
r 176 272 176 208 0 1000000
R 176 208 176 176 0 0 40 3.3 0 0 0.5
a 208 320 304 320 1 15 0 1000000 1.904113806696657 1.904132847834724
w 208 336 192 336 0
w 192 336 192 384 0
w 192 384 304 384 0
w 304 384 304 320 0
w 304 320 336 320 0
c 336 320 368 320 0 4.7000000000000005e-7 -1.3472589443065675
r 368 320 432 320 0 10000
a 432 304 512 304 1 15 0 1000000 3.299962141439542 3.3
r 432 368 496 368 0 100000
w 432 320 432 368 0
w 512 304 512 368 0
w 512 368 496 368 0
r 432 272 432 208 0 1000000
w 432 272 432 288 0
R 432 208 432 176 0 0 40 3.3 0 0 0.5
w 512 304 544 304 0
r 544 304 544 368 0 100000
r 544 368 544 448 0 120000
g 544 448 544 464 0
w 544 368 592 368 0
a 624 384 704 384 1 15 0 1000000 2.0649917386972305 2.0650123886146177
w 592 368 624 368 0
w 624 400 608 400 0
w 608 400 608 432 0
w 608 432 704 432 0
w 704 432 704 384 0
w 704 384 736 384 0
r 736 384 816 384 0 160000
c 816 384 816 448 0 0.000001 1.6195814681388776
g 816 448 816 464 0
a 864 368 944 368 1 3.3 0 1000000 1.6195814681388776 2.0649917386972305
w 816 384 864 384 0
w 864 352 736 352 0
w 736 352 736 384 0
w 944 368 976 368 0
o 27 64 0 4098 10 0.00009765625 0 2 27 3
o 42 2 0 4098 5 0.1 1 2 42 3
o 39 64 0 4098 2.5 0.00009765625 2 2 39 3
