$ 1 0.000005 9.001713130052181 50 5 50
a 688 352 784 352 9 3.3 0 1000000 1.4799769720397595 1.47999177180948 100000
R 544 272 496 272 0 1 1000 0.2 0 0 0.5
r 656 336 656 256 0 1000000
R 656 256 656 224 0 0 40 3.3 0 0 0.5
c 624 336 576 336 0 1e-8 1.6535931761839202
w 544 336 576 336 0
w 624 336 656 336 0
w 656 336 688 336 0
w 688 368 688 416 0
w 688 416 784 416 0
w 784 416 784 352 0
c 912 416 912 352 0 1.0000000000000001e-7 -1.6490697180481597
r 816 352 912 352 0 160000
a 944 336 1040 336 9 3.3 0 1000000 1.6490697180481597 1.4799769720397595 100000
w 1040 336 1072 336 0
w 784 352 816 352 0
w 912 352 944 352 0
r 656 416 656 336 0 1000000
g 656 416 656 432 0
w 816 352 816 320 0
w 816 320 944 320 0
g 912 416 912 432 0
n 544 336 496 336 0 1 40 0.2 0 0 0.5
o 14 8 0 37122 5 0.00009765625 0 2 14 3
o 15 16 0 20482 2.5 0.00009765625 1 2 15 3
o 16 16 0 4098 2.5 0.00009765625 2 2 16 3
