$ 1 0.000005 10.20027730826997 53 15 45
d 208 256 288 256 1 0.805904783
c 208 160 288 160 0 0.000001 -8.574549921944213
d 288 160 368 160 1 0.805904783
c 368 160 368 336 0 0.000001 11.476137380039159
w 368 160 432 160 3
r 432 160 432 336 0 150000
g 208 336 208 352 0
g 368 336 368 352 0
g 432 336 432 352 0
d 208 336 208 256 1 0.805904783
d 288 256 288 160 1 0.805904783
c 288 256 288 336 0 0.000001 5.760040689475133
g 288 336 288 352 0
c 208 160 208 256 0 0.000001 -2.848848850137507
R 128 160 80 160 0 2 1000 3.3 0 0 0.5
r 128 160 208 160 0 240
o 5 64 0 4099 20 0.00009765625 0 2 5 3
o 14 64 0 4097 5 0.0015625 1 2 14 3
