$ 1 0.000005 9.001713130052181 50 5 50
n 368 304 320 304 0 1 40 1 0 0 0.5
c 752 384 752 320 0 0.000001 -1.7026428241929752
g 752 384 752 416 0
w 960 304 1024 304 0
w 640 320 688 320 0
w 640 320 640 256 0
w 784 256 784 288 0
r 688 320 752 320 0 160000
w 752 320 784 320 0
a 784 304 880 304 0 3.3 0 1000000 1.0513976591546765 1.7026428241929752
c 368 304 432 304 0 0.000001 -1.6995341309637106
r 464 304 464 224 0 100000
R 464 224 464 176 0 0 40 1.7 0 0 0.5
w 432 304 464 304 0
w 560 320 640 320 0
w 640 256 784 256 0
w 560 320 560 384 0
w 560 384 464 384 0
w 464 384 464 336 0
a 464 320 560 320 1 3.3 0 1000000 1.0513976591546765 1.051408173131268
c 880 304 960 304 0 1e-15 3.2170226353767184
r 960 304 960 384 0 10000000
g 960 384 960 416 0
o 4 64 0 5378 5 0.1 0 2 4 3
o 3 64 0 5122 1.25 0.1 1 2 3 3
